5.808793865940704571e+00
1.141348497035733978e+01
2.461413484305796828e+01
3.387489845290792090e+01
4.340459865011867180e+01
4.906580015762756375e+01
5.662063361182627830e+01
6.047928506140782901e+01
6.365469943472049863e+01
6.770917944652485687e+01
7.043054418095140079e+01
7.095857029470556654e+01
7.351746548248635804e+01
7.615974185542744124e+01
7.660438667023501580e+01
7.855402122272116117e+01
7.969130797661193810e+01
8.003227112513484087e+01
8.054427303113558878e+01
8.070674257778132699e+01
8.440292451461091616e+01
8.314378557894697508e+01
8.491327150447948213e+01
8.501218532179547083e+01
8.509342006606652831e+01
8.793663691932064808e+01
8.664784191019259652e+01
8.619008940182305878e+01
8.582453296302684009e+01
8.724614139691685466e+01
8.745461880751990691e+01
8.818034123444731165e+01
8.761169788897473154e+01
8.809910647080837975e+01
8.883021937745262164e+01
8.713190805628300950e+01
8.813972386957473759e+01
8.899268892409838827e+01
8.927701058472975149e+01
9.056070998773886060e+01
9.147034935308219872e+01
8.923639321017323311e+01
8.923639322954110753e+01
9.033306260887536610e+01
8.943122228146945929e+01
9.008935827922279316e+01
9.159220150096159330e+01
9.151096672279673783e+01
9.064138767073932001e+01
9.118602762466325373e+01
9.069861908156536856e+01
9.126726243187991372e+01
9.205324729636294023e+01
9.191714054583340499e+01
9.098294072767082241e+01
9.195775796396765145e+01
9.277010563909281871e+01
9.306171844447030139e+01
9.203899274697447197e+01
9.277010562940887439e+01
