5.156250000000000000e+00
5.781250000000000000e+00
7.246376819392717827e+00
7.500000000000000000e+00
8.534621585898353402e+00
1.203125000000000000e+01
1.545893724845803163e+01
1.703125000000000000e+01
1.900161034675036120e+01
2.406250000000000000e+01
2.270531402165955015e+01
2.843750000000000000e+01
3.000000000000000000e+01
3.059581330528965992e+01
3.718750000000000000e+01
3.816425124132306479e+01
4.109375000000000000e+01
4.283413851030783093e+01
4.453125000000000000e+01
4.702093403024566243e+01
5.156250000000000000e+01
4.782608714848517195e+01
5.687500000000000000e+01
5.187500000000000711e+01
5.233494367288506766e+01
6.125000000000000711e+01
6.215781016626219468e+01
6.468750000000000000e+01
6.489533029508666573e+01
6.640625000000000000e+01
6.666666682023740975e+01
6.390625000000000000e+01
6.714975857888251198e+01
6.906250000000000000e+01
6.500000000000000000e+01
7.310789058557838871e+01
7.453125000000000000e+01
7.181964584786726391e+01
7.140625000000000000e+01
7.310789062397107330e+01
7.218750000000000000e+01
7.246376825991460180e+01
7.656250000000000000e+01
7.648953309765568065e+01
7.187500000000000000e+01
7.656250000000000000e+01
8.035426739717259181e+01
7.953125000000000000e+01
7.826086964200275986e+01
8.046875000000000000e+01
8.244766512354790677e+01
7.937500000000000000e+01
8.164251218287456879e+01
8.359375000000000000e+01
8.132045095285546665e+01
8.187500000000000000e+01
8.250000000000000000e+01
8.438003227330635525e+01
8.265625000000000000e+01
8.196457336490280454e+01
