5.106707317073170493e+00
9.292543018610711414e+00
1.529636710825203494e+01
2.099426386917070531e+01
2.625762195121951237e+01
3.376673040836764272e+01
3.793499045686557736e+01
4.015296364719507949e+01
4.310213414634146289e+01
4.734225622668549249e+01
4.936902485887589620e+01
5.028680693351059716e+01
5.430640243902439579e+01
5.510516253757658944e+01
5.567877628379296340e+01
5.816443594418338137e+01
6.002286585365853711e+01
6.091778205526034640e+01
5.931166347194584176e+01
6.187380491205656341e+01
6.295731707317072789e+01
6.565965586137133414e+01
6.523900574981368550e+01
6.523900578172438713e+01
6.497713414634147000e+01
6.653919689741918830e+01
6.703632890152429979e+01
6.978967494080217193e+01
6.994263865295833682e+01
7.061737804878049474e+01
6.848948379319666913e+01
7.097514336013429670e+01
7.353728488799946206e+01
7.130335365853657947e+01
7.269598464437014229e+01
7.173996178415491443e+01
7.277246660073902262e+01
7.480945121951219789e+01
7.284894838387833715e+01
7.521988523393926585e+01
7.468451244197429162e+01
7.461890243902439579e+01
7.567877635217305965e+01
7.617590824687002282e+01
7.625238999809863571e+01
7.621951219512195053e+01
7.564053534549691449e+01
7.575525817178176169e+01
7.747609938307884647e+01
7.789634146341462895e+01
7.671128101148295286e+01
7.801147223202721648e+01
7.992351813708391717e+01
7.866156785027702369e+01
7.701981707317072789e+01
7.969407263039175859e+01
7.965583169209568837e+01
7.854684506502024988e+01
7.972560975609755474e+01
7.984703637445862512e+01
8.026768639256347626e+01
8.045889098603228717e+01
8.083079268292682684e+01
8.042065004773623116e+01
8.382409174629196968e+01
8.045889096551826469e+01
8.014481707317072789e+01
8.214149145277690423e+01
8.183556404214060365e+01
8.305927341116546359e+01
8.243140243902439579e+01
8.156787761766641154e+01
8.286806883821068936e+01
8.229445505552493501e+01
8.079268292682927211e+01
8.206500956478811304e+01
8.237093687513362283e+01
8.302103254580816838e+01
8.296493902439023316e+01
8.260038247071990725e+01
8.313575524672951644e+01
8.370936902941527080e+01
8.240917786129573130e+01
8.159298780487804947e+01
8.390057365479478335e+01
8.428298276423495849e+01
8.497131931622215006e+01
8.395579268292682684e+01
8.428298284857041267e+01
8.370936899750456917e+01
8.523900570878562633e+01
8.448932926829267842e+01
8.451242825041309459e+01
8.439770558596113403e+01
8.543021036607585472e+01
8.586128048780487632e+01
8.504780113583085210e+01
8.539196944829382119e+01
8.539196939586909707e+01
8.559451219512195053e+01
8.493307836197074323e+01
8.516252390513227510e+01
8.543021038203121975e+01
7.629573170731707421e+01
7.999999995669261921e+01
8.351816440403575825e+01
8.527724664252301068e+01
8.497131931622215006e+01
8.525152439024390105e+01
8.451242830283783292e+01
8.600382414876160908e+01
8.795411085079550162e+01
8.654725609756097526e+01
8.642447415546979528e+01
8.661567881731868113e+01
8.715105168222241616e+01
8.715701219512195053e+01
8.738049710002046311e+01
8.577437855317533888e+01
8.695984709331227691e+01
8.689024390243902474e+01
8.661567883327403194e+01
8.741873810669660827e+01
8.760994262722664416e+01
8.780487804878049474e+01
8.657743791549201262e+01
8.684512433996619052e+01
8.726577434667437672e+01
8.669969512195120842e+01
8.806883370899105046e+01
8.783938812936013107e+01
8.699808797462492294e+01
8.746189024390244526e+01
8.803059270231491951e+01
8.692160615957489256e+01
8.726577433071902590e+01
8.826003826143180220e+01
8.925304878048780211e+01
8.734225623466316790e+01
8.703632886049625483e+01
8.818355639395704770e+01
8.875762195121950526e+01
8.963671128562941703e+01
8.894837474959757628e+01
8.902485658516164335e+01
8.780487804878049474e+01
8.910133840021165952e+01
8.848948378863799746e+01
8.803059277525368032e+01
8.788109756097560421e+01
