5.448717948717948900e+00
1.026694045174537884e+01
1.798767967145790792e+01
2.381930184804928174e+01
2.948665297863664492e+01
3.552361396303901131e+01
4.036960985748675057e+01
4.139630390266128757e+01
4.878850102914186948e+01
4.870636550552791277e+01
5.244353182996322715e+01
5.470225872812329726e+01
5.498973306199608402e+01
5.885010266940451373e+01
5.979466119218900388e+01
6.180698152073109952e+01
6.443531827515400323e+01
6.443531827760183717e+01
6.739219712648059613e+01
6.402464065953201100e+01
6.786858974358975161e+01
7.219712525667351599e+01
7.080082135768397222e+01
6.841889117287904298e+01
7.404517453798767690e+01
7.289527720984003167e+01
7.412731006404946754e+01
7.482546201476816350e+01
7.564681725090778741e+01
7.823408624229979580e+01
7.880903490759753538e+01
7.827515400410676705e+01
7.942505133470226042e+01
8.036960985626284071e+01
7.753593429402894799e+01
7.921971252811518127e+01
7.691991786570029888e+01
7.655030801066138224e+01
8.028747433509670373e+01
7.946611909895706560e+01
7.909650924024640517e+01
8.177083333333334281e+01
8.266940451745379903e+01
8.275154004351558967e+01
8.377823408624229273e+01
8.266940451745379903e+01
8.427104722792607561e+01
7.552361396426292117e+01
7.991786447638602908e+01
8.069815195316651568e+01
7.946611909895706560e+01
8.213552361396303070e+01
8.418891170431211890e+01
8.299794661435747400e+01
8.336755646817249499e+01
8.349075975604125688e+01
8.439425051579485171e+01
8.365503080082135057e+01
8.755646817248459968e+01
8.714579055441478772e+01
