4.687500000000000000e+00
9.678668215974697731e+00
1.633759194879027987e+01
2.214479287938466001e+01
2.946186604377054152e+01
3.755323266364602119e+01
4.003097174405774439e+01
4.324428959152193386e+01
4.734804491363566825e+01
4.843205575489785986e+01
5.160665892603967109e+01
5.311653116185028978e+01
5.737514519156110282e+01
5.900116146095400183e+01
6.109175378621847585e+01
6.089818039653008697e+01
6.159504452418136111e+01
6.233062331777093590e+01
6.496322107231991083e+01
6.473093300977051001e+01
6.666666667820453540e+01
6.790553618206610054e+01
6.798296554624873522e+01
6.875725902192961314e+01
6.972512583422467003e+01
6.999612851886844567e+01
6.867982967620758927e+01
7.162214480441436137e+01
7.386759583958350106e+01
7.351916378383437234e+01
7.266744097166176175e+01
7.452574526899044827e+01
7.231900888822173101e+01
7.514518000707577983e+01
7.568718545482087734e+01
7.448703057766883262e+01
7.595818817177070059e+01
7.680991094009939957e+01
7.820363919078681647e+01
7.688734027659113224e+01
7.785520709811648032e+01
7.924893535803418843e+01
7.785823170731707421e+01
7.816492449946520082e+01
7.905536199372912165e+01
7.831978318167895736e+01
7.940379402178734836e+01
7.921022065748229579e+01
7.967479675027504982e+01
8.149438636551242610e+01
8.126209831911604908e+01
8.172667438421792951e+01
8.025551682472968196e+01
8.033294616122141463e+01
8.130081302659067433e+01
8.296554393423097906e+01
8.211382111282806306e+01
8.242353850494647816e+01
8.404955478126210267e+01
8.319783199678037988e+01
8.408826947258370410e+01
8.281068525201720831e+01
8.184281842126155482e+01
8.300425858863140149e+01
8.288811457004835859e+01
8.466898952165500702e+01
8.435927217338050355e+01
8.443670151910254162e+01
8.292682925213966882e+01
8.300425859786169269e+01
8.428184279304487347e+01
8.536585366084416648e+01
8.377855205508197400e+01
8.327526131711908874e+01
8.319783195293646827e+01
8.555942699745834545e+01
8.447541615734994025e+01
8.482384821309906897e+01
8.482384822232937438e+01
8.412698413621441773e+01
8.559814167031935028e+01
8.548199766096661278e+01
8.528842430589182300e+01
8.652729385590488675e+01
8.559451219512195053e+01
8.641114980040065063e+01
8.675958189999370518e+01
8.687572591857673387e+01
8.528842433127515221e+01
8.401084011070865643e+01
8.555942704130224286e+01
8.590785906243776537e+01
8.664343784679702765e+01
8.838559812554268547e+01
8.664343787218035686e+01
8.575300036176341223e+01
8.714672858475992712e+01
8.524970964226112358e+01
8.610143241751254095e+01
8.617886176323456482e+01
8.730158727620398906e+01
8.807588073342427037e+01
8.753387535721398649e+01
8.888888889811919114e+01
8.699186989331586517e+01
8.846302749664802434e+01
8.915989159891599058e+01
8.699186990254617058e+01
8.563685637779397553e+01
8.826945409772933715e+01
8.846302748049500053e+01
8.823073946871224393e+01
8.865660083556979032e+01
8.846302746203441814e+01
8.795973671484122747e+01
8.811459540628528941e+01
8.885017422525817210e+01
8.850174215335601957e+01
8.865660082633948491e+01
8.842431282378700530e+01
8.997289972899729094e+01
8.896631822768819120e+01
8.846302750587831554e+01
8.780487804185777634e+01
9.008904374065761544e+01
8.946960895642078526e+01
8.807164634146342053e+01
8.919860624639368041e+01
8.691444056605443791e+01
8.877274488876643943e+01
9.059233449477352451e+01
8.950832363851209550e+01
9.024390241364108078e+01
8.706929926672879105e+01
8.815331008837659965e+01
8.819202477046789568e+01
8.927603561749903349e+01
8.943089432740369205e+01
8.989547035789195206e+01
9.043747581255976797e+01
8.795973675868513908e+01
8.881145954547443466e+01
8.846302746203441814e+01
8.970189702820047728e+01
9.005032905856630521e+01
8.997289971284426713e+01
8.962446769170875882e+01
9.005032909317991141e+01
8.815331008837659965e+01
8.857917148984775224e+01
