5.781250000000000000e+00
7.766990312962855469e+00
1.132686085347990534e+01
2.459546925807461903e+01
3.122977353994128435e+01
3.834951457275155917e+01
4.207119741100323296e+01
4.822006485994580061e+01
5.210355989948445199e+01
5.744336588868817017e+01
6.440129459482952257e+01
6.171875000000000000e+01
6.747572825178744438e+01
6.456310693114320998e+01
7.038834963030028291e+01
7.119741117684201015e+01
7.491909394758032192e+01
7.621359232945735585e+01
7.783171509461881499e+01
7.734627822070446257e+01
7.847896445916308039e+01
8.122977355923082143e+01
7.953125000000000000e+01
8.300970877644313362e+01
8.430420717760969751e+01
8.009708726290359948e+01
8.284789630510273639e+01
8.236245943118839818e+01
8.559870555948670301e+01
8.446601928244902524e+01
