5.203711171305771543e+00
1.161657189216485975e+01
2.274573518675967421e+01
3.184402927477896128e+01
4.219443326565756536e+01
5.016246953696181521e+01
5.357432980347609686e+01
5.852965065175978054e+01
6.474384828506337897e+01
6.697806657377439876e+01
7.095857016155140684e+01
7.266450039406892358e+01
7.518277830171159337e+01
7.648245255617231919e+01
7.713241267504487553e+01
7.851340375374624614e+01
8.074735993296997094e+01
8.317870112761896451e+01
8.155970760325315894e+01
8.338748982386508146e+01
8.354995944071939107e+01
8.387489854853681948e+01
8.277531265972024244e+01
8.525588960787031567e+01
8.513403743578106742e+01
8.639317630365745515e+01
8.684953613692880481e+01
8.732737617023973087e+01
8.501218525400788906e+01
8.777416740656866523e+01
8.789834612653639567e+01
8.696181972660154713e+01
8.818034123928927670e+01
8.952071492406626874e+01
8.956133231799066152e+01
9.023799924131073169e+01
8.874898462833958490e+01
8.980503660406552058e+01
8.903330629381292738e+01
9.031867692911995960e+01
9.012997569251506036e+01
9.106417551067764293e+01
9.151096673732264719e+01
9.183590581124629182e+01
9.237595805240860614e+01
9.179528840763795472e+01
9.138911459912719693e+01
9.147034935308219872e+01
9.249697459614435502e+01
9.086108858947537215e+01
8.948009754466778531e+01
9.167343628881037887e+01
9.064138768035685700e+01
9.212022749124552945e+01
9.187652319064477524e+01
9.321689685605387865e+01
9.199837534336613487e+01
9.294070191516084378e+01
9.260763610697296144e+01
9.313566210209887686e+01
9.394800978690797422e+01
9.286002420811655611e+01
9.232331441244781445e+01
9.358245330937600670e+01
9.313566210209887686e+01
9.313566209241493254e+01
9.322307382489751149e+01
9.272948825969432107e+01
9.281072302817523223e+01
9.216084489969583160e+01
9.294070191516084378e+01
9.354183594450343264e+01
9.333874900393327323e+01
9.321689686089584370e+01
9.277934653473361948e+01
9.309504471785842838e+01
9.313566209725691181e+01
9.199837534820809992e+01
9.439480099418510406e+01
9.318273497377974479e+01
9.321689685605387865e+01
9.394800976269812054e+01
9.451665317595828242e+01
9.366680112948769477e+01
9.423233146206526101e+01
9.419171407782479832e+01
9.467912268386828600e+01
9.341998377725614944e+01
9.350544574425171618e+01
9.484159221598812906e+01
9.484159222083010832e+01
9.484159222083010832e+01
9.479628885018340156e+01
9.325751424513629217e+01
9.382615761481872596e+01
9.394800978206599495e+01
9.398951190957718893e+01
9.411047929481797780e+01
9.443541838326751758e+01
9.398862715178054827e+01
9.496344438323541226e+01
9.467527229683011569e+01
9.496344438323541226e+01
9.317627950086524891e+01
9.411047930450192212e+01
9.524001614515606207e+01
9.524776608260253852e+01
9.423233146206526101e+01
9.406986192510342448e+01
9.565393990079724063e+01
9.451391691159413710e+01
9.467912268871025105e+01
9.411047930934388717e+01
9.488220961959646615e+01
9.487696652837509248e+01
9.549147036867738336e+01
9.455727052630494711e+01
9.650690496984678646e+01
9.532069384258281275e+01
9.516653128991177368e+01
9.626320066440405299e+01
9.476035745719116221e+01
9.541023559051254210e+01
9.487696653318386097e+01
9.654752234924526988e+01
9.565393990563920568e+01
9.585702682684147646e+01
9.548204921820125435e+01
9.520714869352011078e+01
9.557270514200025957e+01
9.508529653111480684e+01
9.532900083655752610e+01
9.471561115275663667e+01
9.524776607776055926e+01
9.573517467412011683e+01
9.585702682684147646e+01
9.576442114717299603e+01
9.606011372867587284e+01
9.476035745719116221e+01
9.536961821111404447e+01
9.556272692043677353e+01
9.500406177231782578e+01
9.536961822563995383e+01
9.610073112260026562e+01
9.553208775291783184e+01
9.427188383374016212e+01
9.520714867899420142e+01
9.496344438323541226e+01
9.260763610213099639e+01
9.431222267043162333e+01
