4.647749513314777481e+00
8.512720166762047569e+00
1.506849317109747943e+01
2.035225048340463161e+01
2.803326811925772688e+01
3.346379650665588912e+01
3.654598828164565560e+01
4.227005867342192857e+01
4.545009784735812275e+01
4.740704498062395089e+01
5.122309197651663482e+01
5.293542075530424285e+01
5.503913902489873067e+01
5.611545987091886190e+01
5.988258320524734302e+01
5.963796473995813585e+01
6.267123284171938025e+01
6.477495108798525791e+01
6.316046959733310473e+01
6.668297461800845838e+01
6.687866921760797823e+01
6.810176129910342979e+01
6.800391381267465363e+01
7.186888449346015761e+01
7.230919761667045975e+01
7.157534254740362201e+01
6.932485319396987222e+01
7.230919761667045975e+01
7.436399223053291507e+01
7.353228963984435040e+01
7.407045014450461906e+01
7.509784742810721525e+01
7.666340508806261766e+01
7.519569470457834370e+01
7.636986309534883333e+01
7.891389437151048014e+01
7.681017606692304867e+01
7.754403126449733463e+01
7.954990212931325289e+01
7.871819959694626334e+01
8.072407045009785520e+01
7.813111541322533071e+01
7.915851275514950203e+01
8.101761254779046340e+01
7.954990215264187725e+01
7.685909987429117507e+01
8.028375728023029012e+01
8.145792562434351680e+01
8.170254410129703615e+01
8.082191779655487096e+01
8.287671232876712679e+01
8.287671225878123948e+01
8.302348343593500601e+01
8.282778873135666231e+01
8.224070458262868044e+01
8.463796484493695971e+01
8.488258319358303083e+01
8.463796480994402316e+01
8.463796471662951149e+01
8.365949114708051582e+01
8.512720154222910196e+01
8.532289628180038221e+01
8.361056744469121327e+01
8.473581207475083943e+01
8.605675143271741945e+01
8.400195697049105092e+01
8.463796479827971098e+01
8.566536211687524371e+01
8.532289622347882130e+01
8.595890405126746714e+01
8.581213309573567471e+01
8.659491201902788760e+01
8.674168298622400641e+01
8.586105677479633869e+01
8.679060661862740744e+01
8.757338549526237159e+01
8.595890419123924175e+01
8.683953036767395872e+01
8.556751474708960359e+01
8.928571429737860399e+01
8.860078272054340687e+01
8.889432487655759019e+01
8.688845404673462269e+01
8.718199607444135779e+01
8.747553823045555532e+01
8.801369860680836155e+01
8.772015657910162645e+01
8.698630138152732627e+01
8.928571422739271668e+01
8.688845407006324706e+01
8.806262225087607476e+01
8.820939335804396819e+01
8.850293547906521496e+01
8.752446181620170762e+01
8.732876706496610097e+01
8.796477493941200976e+01
8.845401171835433729e+01
9.045988264149183067e+01
8.909001958113593389e+01
8.884540110418241454e+01
8.987279836445638637e+01
8.899217226967186889e+01
8.962818010912482691e+01
8.869863006700042263e+01
8.796477500939788285e+01
8.796477486942612245e+01
8.943248529956765935e+01
8.928571421572840450e+01
8.918786699757883696e+01
8.884540124415417495e+01
8.811154604657988898e+01
8.840508814427249717e+01
8.894324854395394198e+01
9.060665367867382258e+01
8.855185904148274290e+01
8.938356166716424411e+01
8.982387477871023407e+01
9.055772995295589567e+01
8.938356170215719487e+01
9.026418792524916057e+01
8.967710378818549088e+01
9.026418789025622402e+01
9.036203515506304029e+01
8.904109596039684504e+01
9.016634052047058390e+01
8.904109585541802119e+01
8.987279836445638637e+01
9.085127207397715665e+01
9.011741685307423211e+01
9.109589042262321357e+01
9.060665358535931091e+01
9.090019561306604601e+01
9.119373773408729278e+01
9.016634043882038441e+01
8.869863014865060791e+01
9.031311156931688799e+01
8.997064572257771431e+01
9.212328768289719960e+01
8.874755379271833533e+01
9.016634048547763314e+01
9.153620345251900403e+01
9.060665360868793528e+01
9.182974557354025080e+01
9.129158509220862072e+01
9.060665364368088603e+01
9.173189825041187362e+01
9.090019570638055768e+01
9.065557732274155001e+01
9.041095896243115249e+01
9.060665353870204797e+01
