5.468750000000000000e+00
5.781250000000000000e+00
6.763285039751617767e+00
7.187499999999999112e+00
1.062801933926852627e+01
1.406250000000000000e+01
1.626409019273068424e+01
1.906250000000000000e+01
1.996779388683621548e+01
2.625000000000000000e+01
2.785829314767066478e+01
3.046875000000000000e+01
3.203125000000000000e+01
3.623188414915364319e+01
4.062500000000000000e+01
4.283413853910234081e+01
4.125000000000000000e+01
4.331723048491178218e+01
4.562500000000000000e+01
4.943639311621538468e+01
5.218750000000000000e+01
5.410628038520014371e+01
5.578125000000000711e+01
5.687500000000000000e+01
5.732689232066056917e+01
5.546875000000000000e+01
5.764895348349246973e+01
5.859375000000000000e+01
6.231884078127174575e+01
6.062499999999999289e+01
