3.094885640028046510e+02
2.969416835259154368e+02
2.667157351947597022e+02
2.424732712041579532e+02
2.171828098828784448e+02
1.930399215641383535e+02
1.815152837608933964e+02
1.729705932017587315e+02
1.588630683376860304e+02
1.530178619224896863e+02
1.474549686036458809e+02
1.391020415875046865e+02
1.253236965573761665e+02
1.224898042348388429e+02
1.171362552239458239e+02
1.172329270419712515e+02
1.144596156481389642e+02
1.106682597529366632e+02
1.047425243220401256e+02
1.017423249057130192e+02
9.822804252168165817e+01
9.681709554829525644e+01
9.563622135687741377e+01
9.312571076935130066e+01
9.078414769907399773e+01
8.837998161886349635e+01
9.084314308423105899e+01
8.516092015429610740e+01
7.928867254707641621e+01
8.025896983510341443e+01
8.062380924272851246e+01
7.529733270764397446e+01
8.241643948329773650e+01
7.376671742894508554e+01
7.291154907601681145e+01
7.512487127621230343e+01
7.079880131200168591e+01
7.166731731632260960e+01
6.658016120192158382e+01
6.897273455947302523e+01
6.575434682699676614e+01
6.327211800075712489e+01
6.702761133996452259e+01
6.506892897526145703e+01
6.468471856344312698e+01
6.712045251423197101e+01
6.293497685079098147e+01
6.268374260848131030e+01
6.151423073996419078e+01
5.863934493184874697e+01
5.712047388998519892e+01
5.542382560079060028e+01
5.894581079713789507e+01
5.965100799564977763e+01
5.222391781998936011e+01
5.336535348247937094e+01
5.400516524639786553e+01
5.408146290575124482e+01
4.837059033756979431e+01
4.984694780349915533e+01
4.828110138690614406e+01
5.363485416699600705e+01
5.457023038127557868e+01
5.088491658231245651e+01
5.084939043834788208e+01
4.714509943082634180e+01
4.722751409357663732e+01
4.645544725751120296e+01
4.986678931171285711e+01
5.170359536861200667e+01
4.568800227128854630e+01
4.454385240757322606e+01
4.849600041046467425e+01
4.853319939697522045e+01
5.217596101659330543e+01
4.474480146361191402e+01
4.700866292266480428e+01
4.401592044372499402e+01
4.683226518191619192e+01
4.928939269464051876e+01
4.174405407222536724e+01
4.392449898725325852e+01
4.608870277652157199e+01
4.304593719118009432e+01
4.370222309740578481e+01
4.420580087223119392e+01
3.981064446457956763e+01
4.246471778302519340e+01
4.594864022510253676e+01
4.646721326400270868e+01
4.456467610018409431e+01
4.184666264901731836e+01
4.024539211901223013e+01
3.601051875084719001e+01
4.326266456702582985e+01
4.358341179058341908e+01
3.900865660219565001e+01
4.510032449911326324e+01
4.560922571406362636e+01
4.250799984005224275e+01
4.042731384943955675e+01
3.793772839318400258e+01
3.751172211988924232e+01
3.444715706567361480e+01
4.148200186956680824e+01
3.489960168585313482e+01
3.544655576019475518e+01
4.045937013658404169e+01
3.980869074581761424e+01
3.701891080843032000e+01
3.550801144013605892e+01
3.756494947611431456e+01
3.471410317888012287e+01
3.714539787241344015e+01
3.697346144875398721e+01
3.816881441834635069e+01
3.252685280315552063e+01
3.470924403886208154e+01
3.367547287273628598e+01
3.567627002010961945e+01
3.227282615780161024e+01
3.395093396981003053e+01
3.548834761976041818e+01
3.560446588119886258e+01
3.325311759392327815e+01
3.326995326620730253e+01
3.603377941904998494e+01
3.296067497663797496e+01
4.177175848418504245e+01
3.600691981870353686e+01
3.237437970368058160e+01
3.445501673304660528e+01
3.009450494366194206e+01
4.286942177856333558e+01
3.738171530240642682e+01
3.601863319403987873e+01
3.236347772858884042e+01
3.269031743093188425e+01
3.377298864107282839e+01
3.003986736357881426e+01
3.663077878712039137e+01
3.543129453260308281e+01
3.696095948758348726e+01
3.286468640310192768e+01
3.102760541314447096e+01
3.200368898417014663e+01
3.223011207197509265e+01
3.335109657896058621e+01
3.624651482573231220e+01
3.656119124353093497e+01
