3.090750147999174828e+02
2.908208240928154282e+02
2.492566132526103502e+02
2.158245629842062385e+02
1.839285799071114695e+02
1.603742246507726747e+02
1.402412303185482187e+02
1.236798877061430204e+02
1.076029068666775999e+02
9.930073324981304950e+01
8.975890479515859965e+01
8.377140693602574117e+01
7.580060238619338975e+01
7.139279600014943128e+01
7.087662097015194718e+01
6.545078785413653577e+01
5.694085867253868827e+01
5.163308592417779863e+01
5.389996934213064606e+01
4.988859619409644353e+01
5.124690104533171819e+01
5.196203218907674426e+01
5.295836061251264226e+01
4.445708527446858227e+01
4.688982703306150057e+01
4.103847438791822810e+01
4.155779798072208564e+01
3.742006486697859202e+01
4.293173282345942710e+01
3.443143173725405148e+01
3.917851484184930655e+01
3.764516118577977721e+01
3.666988426621225727e+01
3.164363446078776576e+01
3.151264687580950152e+01
3.033165601579928605e+01
3.422626391791600042e+01
3.269771802882950595e+01
3.379352471263887026e+01
2.899443215182251876e+01
3.055968098070057692e+01
2.887414153710697917e+01
2.738858424883659382e+01
2.472539708127247238e+01
2.514481016191660956e+01
2.595768594141417296e+01
2.648568064591731286e+01
2.665301528611772142e+01
2.619233948057242856e+01
2.674107115131679890e+01
3.049316822175181585e+01
2.707452272359284606e+01
2.878442915421717174e+01
2.470000526443378064e+01
2.474250662542280210e+01
2.198419545275544351e+01
2.476301745403403487e+01
2.302703468993865243e+01
2.138100129913063796e+01
2.381396276330095674e+01
1.879110460863376986e+01
2.179693661813487893e+01
2.468076968439994801e+01
2.008881112401752844e+01
1.899878956516712947e+01
2.113468568169857420e+01
2.239840826941575003e+01
2.163719292775486380e+01
2.120450940210096746e+01
2.411641689829957969e+01
2.399346731503964847e+01
2.000234348443733978e+01
2.099289691467579644e+01
2.101704164383180995e+01
2.065903765388725688e+01
2.106027620943651968e+01
2.249095670207063691e+01
2.457566671890518961e+01
1.597595364914542770e+01
2.185647840314469903e+01
1.962950039506684874e+01
1.924507657775638592e+01
1.727723294428748702e+01
1.823335749567901587e+01
1.907776786509226596e+01
1.775287717617110061e+01
1.681599460729828266e+01
2.310913850581326301e+01
2.304433239560037805e+01
1.716150910057169909e+01
1.666843868568115994e+01
1.678352868540029519e+01
1.661268606535510273e+01
2.022083285533248898e+01
2.098238669717147431e+01
2.116973166067265311e+01
2.025324086770986298e+01
1.963945231199942398e+01
1.653504564171879210e+01
2.122068022998923098e+01
1.638100357267742524e+01
1.718874815768799280e+01
1.668791720185165772e+01
1.980152080436241135e+01
1.816954906700008010e+01
1.433572054883076596e+01
1.495338025783543578e+01
1.953755361364683907e+01
1.875610991095886604e+01
1.391416325935205833e+01
1.979905037497166020e+01
1.669707629832671358e+01
1.836472449281005481e+01
1.547885252379189680e+01
1.665834249352293028e+01
1.352188677582239151e+01
1.796597920473177723e+01
1.328333056570430948e+01
1.523917675823778772e+01
1.601597107765298844e+01
1.384887297658187677e+01
1.951074737383644120e+01
1.556714143389177707e+01
1.688984954258567583e+01
1.218900344357995991e+01
1.471726299451919751e+01
1.460657716970088771e+01
1.509006630273152005e+01
1.543394429631876363e+01
1.432015517140964889e+01
1.555569497164820092e+01
1.722699159303881089e+01
1.482506592327089479e+01
1.488365881344731712e+01
1.442865587734624100e+01
1.372070174292032441e+01
1.634579822932005300e+01
1.386701786129528813e+01
1.697647441647626110e+01
1.503289940272957992e+01
1.449008658648546977e+01
1.778521049104988094e+01
1.668752516664498131e+01
1.248159770324983597e+01
1.435072312462896349e+01
2.104064188101158095e+01
1.449560156072377204e+01
1.654967036609674835e+01
2.414939770494700255e+01
1.941229642495459018e+01
