3.127842831611633301e+02
3.079404544830322266e+02
3.076456503015785415e+02
3.051976013183593750e+02
2.960174714885471872e+02
2.824140191078186035e+02
2.763244400469769175e+02
2.550803422927856445e+02
2.528145627699036595e+02
2.374205899238586710e+02
2.323827739691004979e+02
2.156230521202087687e+02
2.141983032226562500e+02
2.010128540693274033e+02
1.871262943744659424e+02
1.818080523739690477e+02
1.820412671566009521e+02
1.817128870606230464e+02
1.670093882083892822e+02
1.641005857555186651e+02
1.419691228866577148e+02
1.447619809236695403e+02
1.353404390811920166e+02
1.356605589389801025e+02
1.296216098774650618e+02
1.334995186328887939e+02
1.313301908989075457e+02
1.277223265171051167e+02
1.169548346224614335e+02
1.183400231599807739e+02
