3.099102118076422130e+02
2.986381096516791445e+02
2.676917421450605161e+02
2.429586924468712255e+02
2.176971977202554456e+02
2.001340950685849407e+02
1.863135995071771447e+02
1.791574155917157896e+02
1.575193635247326540e+02
1.595128400125053076e+02
1.468190753998453033e+02
1.397116612262059903e+02
1.345197246769860158e+02
1.259222428607744888e+02
1.192356532359270176e+02
1.178718108954615644e+02
1.063137697243347759e+02
1.036404353380203247e+02
1.008392674526394757e+02
1.123868862804201285e+02
9.932999244103064029e+01
8.566070976871729670e+01
8.720835651460369320e+01
9.337795282781002015e+01
7.832428935280326243e+01
8.342895439885235476e+01
8.065400441814007593e+01
7.536234534863818624e+01
7.200926395289951643e+01
6.675398994795595797e+01
6.279123464155582468e+01
6.780485792020508029e+01
6.338443798450963129e+01
6.071900485599799424e+01
6.717425482718606133e+01
6.507347609228176566e+01
6.795065775544246378e+01
7.086013946445081046e+01
5.992109532473758549e+01
6.252324538064443260e+01
6.362587224256086671e+01
5.738614935141342954e+01
5.309095622210532639e+01
5.251158406357501462e+01
5.056265359786501534e+01
5.029582004359248515e+01
4.991384153891148401e+01
7.715966341187086641e+01
6.079413846991879922e+01
5.981896652822867111e+01
6.348636643842505833e+01
5.429025530937515498e+01
4.789063906798127590e+01
5.055241824175542575e+01
4.812599221844937603e+01
4.985455285719532981e+01
4.893875644192313956e+01
4.878610912473294547e+01
4.074498335947522065e+01
3.999458952667287548e+01
