3.140379643440246582e+02
3.063438393151490118e+02
2.938062777411204820e+02
2.496806326807509890e+02
2.241792272981316501e+02
1.999498730724297673e+02
1.828983469302600327e+02
1.676556057142979910e+02
1.528157437889321102e+02
1.368012964532599085e+02
1.180746172045426903e+02
1.188858342170715332e+02
1.064357228070786903e+02
1.134145217420213783e+02
9.331698950054575903e+01
9.801049070450865486e+01
7.894266631610956608e+01
7.365084114969741336e+01
6.830549313412515744e+01
6.785088154490325962e+01
6.257996072082458028e+01
6.054234626223740179e+01
6.623248398303985596e+01
5.310448273100127636e+01
4.625674588394782205e+01
5.841156437173245308e+01
5.150169824705155008e+01
5.352052461753770984e+01
4.595268231765351885e+01
4.488988864961951464e+01
