3.090149838749955507e+02
2.946899633699347874e+02
2.679819103682246464e+02
2.458857545433262999e+02
2.270846125556201685e+02
2.059371006785113991e+02
1.889504290538809812e+02
1.821352095859228655e+02
1.726771939091566139e+02
1.557253895298244970e+02
1.542205377700907718e+02
1.461470865382747206e+02
1.386482910412113938e+02
1.344750547591404484e+02
1.318693521920855005e+02
1.252512914728707898e+02
1.177619599714511764e+02
1.170768223437934665e+02
1.191201134348006860e+02
1.162269560739141525e+02
1.075537742638006335e+02
1.021934235437878158e+02
1.034118306340496645e+02
1.018329008792599950e+02
1.012777029014215344e+02
1.003748161660553677e+02
9.630653989018719585e+01
9.084781077806169947e+01
8.616260102556493905e+01
8.826239705085754395e+01
8.986851958426188958e+01
8.415929799781930853e+01
7.857224273863987207e+01
8.485969334113889317e+01
8.022790737407385109e+01
8.176678524874364484e+01
8.130072845783561775e+01
7.497704312568758667e+01
7.940560363218843065e+01
7.318367727855878968e+01
7.482735859504393261e+01
7.515300286979208977e+01
7.222446521427161770e+01
7.130124249832124406e+01
7.074947501687657336e+01
7.194846308812861935e+01
7.008772181963145442e+01
6.872316694852270302e+01
6.886363303000338476e+01
6.494551686252036404e+01
6.894086654965782657e+01
6.619290222629305731e+01
6.233747993554941047e+01
6.224149519581183654e+01
6.754002411191056865e+01
6.097696111945302988e+01
6.086221010689525457e+01
6.068213313760995220e+01
6.073398393828693997e+01
6.128459696787948729e+01
5.870434685601330926e+01
5.874250178583265836e+01
5.557967744222501949e+01
5.980245634201152427e+01
4.943021523451029964e+01
5.770094255872255928e+01
5.877624648373301852e+01
5.400857345779812846e+01
5.428208941939227827e+01
5.049740244963884805e+01
5.290206946977754399e+01
5.556122954443353024e+01
5.263405846136249977e+01
5.285047690225604811e+01
6.014818512811893925e+01
5.267994958401638428e+01
5.227712012841642064e+01
5.290124431622871271e+01
5.178917995313319267e+01
5.289205009577151628e+01
4.915025123332700474e+01
4.895313882804965289e+01
5.322215742522398330e+01
5.474851429462432861e+01
4.810131327030079973e+01
4.688837076920167846e+01
4.648240055454392916e+01
4.982559917176642017e+01
4.904048449450651503e+01
5.206958009225688500e+01
4.434241073537283029e+01
4.753494124586989500e+01
4.889102744098831010e+01
4.737036895113738666e+01
4.476266829735006780e+01
4.544998280158856829e+01
4.466089241705250856e+01
4.367538107626752719e+01
4.477939720591441386e+01
4.391097128391265869e+01
4.477730657698775474e+01
4.460643522712058484e+01
4.592565319620172914e+01
7.629369679020672379e+01
6.557509763746827502e+01
5.017136537664023166e+01
4.602853226844029422e+01
4.638469163477990520e+01
4.512925511453209992e+01
4.701182285298808949e+01
4.266503325725832951e+01
3.770636532890181059e+01
4.029690292550296249e+01
3.956597194388993444e+01
4.133493017626081922e+01
3.950176703200513373e+01
3.947856237248676337e+01
3.724718588032185096e+01
4.476358266907030270e+01
4.073627313737887334e+01
3.982472968537633307e+01
4.001978779955986454e+01
3.986970467617589264e+01
3.614997693161207337e+01
3.933464419551012270e+01
4.238897401561700207e+01
4.139192809566257125e+01
4.239534786394859367e+01
4.001805636940932942e+01
3.729477311525472771e+01
3.747382717994157986e+01
3.535418400345066914e+01
3.934297463515909499e+01
3.595603979682375240e+01
4.203927072694607148e+01
3.695202281438597680e+01
3.625106812663106126e+01
3.334830712254454710e+01
3.791392386643425993e+01
3.829567562325734542e+01
3.616514624190831739e+01
3.411178032799465143e+01
3.485180054066513833e+01
3.516275361208796824e+01
3.262283220459808319e+01
3.866637410914025708e+01
3.336357969740836893e+01
3.431241461127483916e+01
3.754069354064606046e+01
3.741940594300990597e+01
