3.102748579708330681e+02
3.019248893816177315e+02
2.767691037426255889e+02
2.542304347872500614e+02
2.325270034095779295e+02
2.144668120460734144e+02
1.954299987645531758e+02
1.771273303638465677e+02
1.705328677731717448e+02
1.580488057052552620e+02
1.494138223784310355e+02
1.425722786591710758e+02
1.352132703460125924e+02
1.305618849985753513e+02
1.233930322288766916e+02
1.206356810030405455e+02
1.121061190467057997e+02
1.055488217716814319e+02
1.068797954491206497e+02
9.993021537179815539e+01
9.824104742994514083e+01
9.428301481584746568e+01
9.679211652208914529e+01
8.395112046056996746e+01
8.381805334772381855e+01
8.416956552320729656e+01
8.978468585620888121e+01
8.476040401804003466e+01
7.860235344407142577e+01
7.585494675748269344e+01
7.860349746832875439e+01
7.410565503889333172e+01
6.991477594683547636e+01
7.239199481365031374e+01
6.845879464933317138e+01
6.775552212842056576e+01
6.801528727121782936e+01
6.671319602753551692e+01
6.088223243879479440e+01
6.178104772493097130e+01
5.974552164805611909e+01
6.419884199732204877e+01
6.261632451805816402e+01
5.831200121200248532e+01
6.173705840064121730e+01
6.690104521533980630e+01
5.910388922971289105e+01
5.830343232696070288e+01
5.362501852433042870e+01
5.736066709525897522e+01
5.290988177469332499e+01
5.311019426455936099e+01
5.060098338617036973e+01
5.440649347062680619e+01
5.003013650498510856e+01
4.746400902882481176e+01
4.495044942588022252e+01
4.513564927470660848e+01
4.593196479774967855e+01
5.100993781173765740e+01
4.664662202160418758e+01
4.446377518592282030e+01
4.865534610594322373e+01
4.347592322210509508e+01
4.029722726683327494e+01
4.975001406063072551e+01
4.623810140937275293e+01
4.286359526406528886e+01
4.193487892878732026e+01
4.465007271085466556e+01
4.364394621956371623e+01
4.043809407611182394e+01
4.220793419563140247e+01
4.390150023416530445e+01
3.951807083332375470e+01
3.961644227490733527e+01
4.328413178776108339e+01
3.972583999839081059e+01
4.211199876730222513e+01
3.657952310871004897e+01
3.755341011250789052e+01
3.343357333581742097e+01
4.075397895156987715e+01
3.948231368032219990e+01
3.844870330652845070e+01
3.729810624323246060e+01
3.863494686067920725e+01
4.217685291911757872e+01
3.344959118594861991e+01
4.100742603701388589e+01
3.686803052686665438e+01
3.383662742644607135e+01
3.346103339395877896e+01
3.838990595476035139e+01
3.833547100978821476e+01
3.591969583599068017e+01
3.704453763896471941e+01
2.896446205981790101e+01
3.250295257090122192e+01
3.406537318941198578e+01
3.256286108272183100e+01
3.424639753457851299e+01
3.287123326219457908e+01
3.585521827821862217e+01
3.710491661339590053e+01
3.685141862051127504e+01
3.154241584401774645e+01
3.278471377847712631e+01
3.024530314536010778e+01
3.548166967651382464e+01
3.672236710961784212e+01
3.636856808121190454e+01
3.298467576153824155e+01
3.016080439907230470e+01
3.527695802559824756e+01
3.435169032058603733e+01
3.036119122561176553e+01
3.060814147476114044e+01
3.178673387157007113e+01
2.916893914721016401e+01
3.178880136540258050e+01
3.228983425930754692e+01
2.994023134563767030e+01
3.193058068854934817e+01
3.255643087590510731e+01
3.520141274553455446e+01
2.893354381542149767e+01
2.934880745679198810e+01
3.052442883908631899e+01
2.919595427592439663e+01
2.847921840715315156e+01
2.828564195366988088e+01
2.888942560629368828e+01
3.128770602659236744e+01
3.572581925095877153e+01
2.842633623899545725e+01
3.149731282851934111e+01
2.652055836645357800e+01
3.305528214649678631e+01
3.040994492645599578e+01
2.427935397321697408e+01
2.709967457851551842e+01
2.638915822697245872e+01
2.812006309366039858e+01
3.270182748946658080e+01
2.512175787218396295e+01
2.980141043663024902e+01
2.711692387693782180e+01
2.994119595524849586e+01
2.844076565304614235e+01
