3.088991867144678167e+02
2.919874217721333025e+02
2.487337635068947748e+02
2.110909577649749167e+02
1.775419039608923413e+02
1.574123241376528313e+02
1.342468669461003117e+02
1.253495016832065119e+02
1.097881326034887479e+02
9.875883898001004013e+01
9.230645047175410411e+01
8.538256255133572381e+01
7.978270792748074314e+01
7.395648412187044585e+01
7.010191787218873571e+01
6.726604830579580607e+01
5.880151873531620765e+01
6.013983127185056077e+01
6.002006874904702016e+01
5.920409020566049918e+01
5.057714217736602791e+01
5.270112600513437684e+01
4.563803369477661676e+01
4.466709974429938512e+01
4.396494057341187300e+01
3.953817009647428904e+01
4.271569329194841913e+01
4.015598588000459301e+01
4.200569715420469663e+01
4.012022140692346994e+01
3.681579960383153605e+01
3.612445053303270726e+01
3.790134843242158524e+01
3.514858256332473019e+01
3.640691304502207970e+01
3.911476415124041495e+01
3.613741301865619704e+01
3.463248050704319780e+01
3.511657097432111385e+01
2.955837774632582082e+01
2.580446896274142432e+01
3.231611200324604027e+01
3.163487594801657110e+01
2.782074652073540122e+01
3.164412677829041698e+01
3.074441379001235219e+01
2.373150262700213631e+01
2.663162676398101425e+01
2.914731713156875159e+01
2.840115461077852999e+01
3.105413195420628725e+01
2.893329160628427132e+01
2.487928105150801983e+01
2.541296594904071782e+01
2.756210284551210421e+01
2.636282920873717117e+01
2.313388106144607548e+01
2.135376802804538343e+01
2.662240255179199977e+01
2.234831301875224696e+01
