3.121725773811340332e+02
3.081957030296325684e+02
3.065461048565433089e+02
3.064319252967834473e+02
2.998476993634504879e+02
2.941326045989990234e+02
2.811025600310493360e+02
2.672091007232666016e+02
2.583605430744312343e+02
2.454843139648437500e+02
2.425244137860726710e+02
2.279993879795074179e+02
2.187092876434326172e+02
2.165005438569663170e+02
2.019893896579742716e+02
1.897575929928900962e+02
1.789703249931335449e+02
1.794593954431837801e+02
1.738686323165893555e+02
1.623953950577887895e+02
1.555155968666076660e+02
1.565100075734026177e+02
1.346417295932769775e+02
1.460007345676422119e+02
1.375372388128689352e+02
1.183056789636611938e+02
1.176138161845061205e+02
1.092597526311874390e+02
1.096105630655027596e+02
1.043786972761154175e+02
1.001709965596068344e+02
1.127828556299209595e+02
1.000205719528566704e+02
9.384500503540039062e+01
9.535845458507537842e+01
8.189461272503825739e+01
7.870607852935791016e+01
7.988315765024574944e+01
9.040802240371704102e+01
8.385432213784800126e+01
8.388142406940460205e+01
7.915544888055650574e+01
7.195086479187011719e+01
7.153648412553968683e+01
7.894295513629913330e+01
7.110107034444808960e+01
6.711410254288027488e+01
6.191554158926010132e+01
6.743870129907763555e+01
6.121449530124664307e+01
5.817264358298598381e+01
6.137869536876679177e+01
6.190566811200692854e+01
5.412546247243881226e+01
5.345374799293020374e+01
5.846610188484191184e+01
5.438858419656753540e+01
4.558581436793777186e+01
5.478099495172500610e+01
5.475082868731156083e+01
